1812891
2551933
3640359
11699407
17025677
25452449
28586929
43421755
59798081
63643050
64284992
66615440
67624249
67711514
68111145
68139994
68283479
68296796
68296888
68376233
68384084
68445282
68195565
68452333
68540589
68513897
67939740
68010629
34434345
32693688
53921368
39580077
61842126
54775272
31706458
44962268
48288273
27378459
36806430
28102425
64512397
27945632
28363139
63521604
26981520
35923863
61268901
36404532
37441859
50848207
63761212
58448487
49218222
39366522
25135061
25263946
25333777
34679599
24914658
30790237
33587254
44908912
31085980
36216784
56719581
46517707
35830100
22456127
30610545
36170445
51067409
23259467
57810259
61026077
56430837
48377338
36434698
60636620
41863471
56671075
43979280
48186782
24072925
31714198
36309788
50081063
30749363
22482380
44387953
37777923
40476729
39198975
50969522
56661748
34425415
52734985
55108410
59928597
64033533
32061749
59775889
20812968
55233510
30368062
55390053
55714632
47585568
57391330
58233475
44698336
22627803
54435029
24261644
62254245
56201268
32549739
56994156
54928355
48218081
58279527
27971262
61637137
63379217
28285267
59890489
59131690
25452940
27703039
65079486
41690453
52003111
49052748
33664960
51006347
37111160
64222865
30646647
64301844
69040153
50085961
49771370
58625145
29874152
30623332
28582483
66481907
32119798
31609858
24384966
38669475
42231769
52458652
51686131
27490331
67391294
26680878
39029664
59258189
36660504
22507699
44451140
43340476
32026241
21298929
33783429
45994742
31344493
46172452
54207793
25182772
67355872
65275327
64020908
61702195
60838911
60625639
59001614
54477472
49104270
46730084
39729288
39400377
37173523
36769190
35067995
33847920
30303339
22848141
21233534
65995392
61267045
52417883
51074141
50495762
44093779
36409544
32412252
25803443
22260031
56506666
68348389
68246816
68220115
67597774
68326604
28694763
68226103